marine_le_pen-2010-12-07_0.jpg: 4.79932372
Emmanuel-Macron.jpg: 4.83580658
donald_trump.jpg: 3.83446596
Hillary_Clinton.jpg: 4.21690417
boikov_borisov.jpg: 4.96213599
kornelia_ninova.jpg: 4.09076673
